not_set 0
157327 1
160774 2
157999 3
157173 4
157296 5
156122 6
156214 7
158003 8
157561 9
160662 10
158058 11
158432 12
43525 13
220006 14
161226 15
157821 16
157330 17
60999 18
157399 19
156133 20
157792 21
157262 22
169971 23
159751 24
112582 25
156220 26
109929 27
155766 28
56606 29
140041 30
35146 31
157250 32
116251 33
157900 34
157264 35
157522 36
164616 37
157261 38
146416 39
157237 40
218727 41
157409 42
157419 43
158446 44
157372 45
157332 46
158006 47
111378 48
156249 49
10042 50
156255 51
157391 52
157392 53
107410 54
156228 55
219607 56
157404 57
157586 58
157418 59
61235 60
157284 61
157282 62
25937 63
160261 64
158389 65
95032 66
156168 67
3440 68
159171 69
156177 70
159619 71
163519 72
221170 73
161512 74
159854 75
107885 76
162876 77
64249 78
163183 79
157233 80
157616 81
157851 82
156588 83
153185 84
157617 85
95369 86
7787 87
160720 88
158829 89
157907 90
162957 91
148936 92
161295 93
151290 94
100106 95
136827 96
156113 97
157394 98
157263 99
157338 100
157340 101
157945 102
50302 103
159501 104
218927 105
158141 106
157289 107
157942 108
165103 109
220128 110
158690 111
161438 112
54387 113
87093 114
162400 115
162399 116
37880 117
46784 118
157279 119
150091 120
156127 121
163055 122
122790 123
19942 124
158662 125
163170 126
158270 127
158477 128
167009 129
157939 130
32624 131
68432 132
157490 133
28315 134
137187 135
95278 136
157558 137
157530 138
44133 139
162382 140
164694 141
158167 142
132711 143
162884 144
159759 145
162562 146
158120 147
40041 148
156131 149
157846 150
157579 151
158386 152
159852 153
158094 154
163553 155
156232 156
160725 157
78551 158
94899 159
95017 160
120034 161
157146 162
159405 163
157306 164
157381 165
157997 166
83387 167
59234 168
37876 169
164165 170
157299 171
40462 172
170904 173
93109 174
156140 175
40060 176
170905 177
88470 178
163754 179
84308 180
130262 181
11403 182
164500 183
15172 184
138110 185
16633 186
38665 187
157266 188
164686 189
156124 190
157390 191
56360 192
156090 193
29763 194
159014 195
162410 196
157422 197
160196 198
158177 199
62121 200
101731 201
157361 202
159344 203
156176 204
171572 205
92688 206
55804 207
156125 208
121727 209
219221 210
158526 211
21299 212
155016 213
140026 214
165584 215
217507 216
161797 217
160106 218
138709 219
52557 220
166836 221
217395 222
157595 223
83791 224
157412 225
150748 226
201151 227
157629 228
171146 229
60628 230
164532 231
158399 232
156180 233
158060 234
93768 235
164669 236
216044 237
159612 238
156119 239
158033 240
158295 241
149176 242
165408 243
11898 244
150027 245
59556 246
218689 247
157937 248
166332 249
17999 250
163317 251
37875 252
158939 253
159780 254
218926 255
165407 256
94398 257
156137 258
166282 259
162663 260
20377 261
163548 262
157329 263
142144 264
64097 265
167768 266
161367 267
163744 268
158719 269
156150 270
48731 271
40931 272
157710 273
69150 274
217596 275
158419 276
74154 277
170735 278
103564 279
94897 280
159636 281
63664 282
158367 283
159723 284
26394 285
157334 286
170221 287
159978 288
157145 289
168349 290
221227 291
95987 292
5705 293
80283 294
81534 295
125251 296
159469 297
166720 298
160035 299
162038 300
87132 301
169617 302
157505 303
72936 304
4319 305
76023 306
164940 307
165414 308
133175 309
42265 310
157298 311
160710 312
162088 313
71929 314
44669 315
139532 316
158812 317
156191 318
21226 319
159907 320
132836 321
30865 322
157285 323
65252 324
156584 325
7167 326
203628 327
166894 328
50269 329
159208 330
94485 331
158613 332
158102 333
143120 334
33491 335
220575 336
79721 337
165267 338
167795 339
135444 340
140448 341
63117 342
164813 343
18098 344
90821 345
82070 346
220564 347
130428 348
120873 349
131805 350
166083 351
97060 352
157483 353
160686 354
162523 355
163227 356
219154 357
220572 358
172744 359
69951 360
126271 361
39270 362
39387 363
146511 364
164818 365
220585 366
151293 367
220584 368
47249 369
160364 370
98934 371
100277 372
157766 373
71500 374
63331 375
163307 376
88972 377
157959 378
164979 379
158314 380
164878 381
55672 382
157991 383
157862 384
158040 385
212367 386
156585 387
135873 388
132847 389
116630 390
40981 391
79717 392
158080 393
165581 394
158556 395
220599 396
10629 397
163648 398
160734 399
69072 400
153117 401
96222 402
74733 403
199702 404
163143 405
159828 406
158770 407
170101 408
170102 409
90304 410
159871 411
161552 412
167646 413
158682 414
159750 415
161516 416
130261 417
162934 418
218766 419
15753 420
159999 421
157259 422
162664 423
66869 424
111095 425
159998 426
203679 427
86123 428
151892 429
218729 430
162027 431
109343 432
162946 433
157620 434
12243 435
66847 436
162196 437
165433 438
162430 439
170029 440
157384 441
164879 442
163597 443
90919 444
157565 445
158364 446
135368 447
161332 448
61404 449
67908 450
163146 451
159736 452
156110 453
35443 454
74917 455
157331 456
157326 457
93897 458
157386 459
40111 460
76015 461
164499 462
160067 463
160713 464
86559 465
157918 466
36096 467
218827 468
158860 469
167743 470
162913 471
220761 472
157912 473
57749 474
157294 475
159787 476
160114 477
159834 478
140020 479
363 480
161404 481
161350 482
156254 483
157681 484
82311 485
157376 486
158010 487
116714 488
165521 489
72101 490
220841 491
156121 492
157709 493
159226 494
162272 495
158385 496
158487 497
156206 498
167468 499
160039 500
157147 501
163178 502
111085 503
160670 504
158027 505
126285 506
59914 507
116860 508
159531 509
158607 510
160643 511
31887 512
160542 513
157896 514
160663 515
159970 516
162959 517
159774 518
205731 519
157938 520
142905 521
156219 522
159724 523
22184 524
161321 525
164822 526
219918 527
157916 528
160564 529
157426 530
153487 531
157360 532
161627 533
203059 534
34523 535
163249 536
217407 537
160183 538
158766 539
160027 540
159679 541
218697 542
160700 543
218882 544
157962 545
157339 546
59245 547
158823 548
153639 549
71571 550
162907 551
157357 552
156212 553
75191 554
82874 555
168377 556
157869 557
5484 558
62829 559
29625 560
162112 561
64199 562
158015 563
6145 564
109983 565
164313 566
49485 567
60435 568
100177 569
61162 570
144588 571
39687 572
220848 573
79977 574
63327 575
216390 576
164783 577
160445 578
161709 579
162127 580
163749 581
162165 582
12894 583
160316 584
137370 585
159050 586
161184 587
102473 588
156130 589
170205 590
157552 591
164806 592
43248 593
158652 594
84635 595
156126 596
160284 597
158228 598
162040 599
74894 600
157622 601
221151 602
157397 603
162788 604
158495 605
157929 606
219421 607
156179 608
219987 609
158840 610
26897 611
39102 612
157174 613
156147 614
158547 615
159689 616
219312 617
156265 618
101713 619
157151 620
67186 621
150742 622
222784 623
49535 624
157815 625
155938 626
160634 627
151755 628
144647 629
60200 630
130148 631
169708 632
166386 633
54835 634
6485 635
160644 636
222786 637
112748 638
58756 639
162246 640
167827 641
160334 642
40068 643
161306 644
174364 645
216396 646
162491 647
38794 648
222275 649
216837 650
30129 651
158082 652
160074 653
163234 654
157388 655
161677 656
222503 657
143794 658
156253 659
158507 660
39926 661
222505 662
18907 663
218794 664
160407 665
162432 666
155727 667
163114 668
162091 669
158354 670
162975 671
68266 672
168263 673
161453 674
164685 675
88811 676
158020 677
57409 678
20126 679
38981 680
21459 681
92634 682
156948 683
158204 684
100487 685
158344 686
40135 687
162383 688
157281 689
158552 690
157420 691
159468 692
157356 693
163071 694
39758 695
159602 696
162154 697
4072 698
137611 699
159067 700
161344 701
216264 702
156109 703
162557 704
162251 705
157371 706
222346 707
158670 708
58427 709
165270 710
162248 711
91820 712
28612 713
67333 714
160135 715
158055 716
159968 717
144386 718
127972 719
169428 720
63752 721
93551 722
159897 723
19695 724
160801 725
158150 726
158078 727
158754 728
157993 729
159337 730
157957 731
148726 732
63463 733
157506 734
158545 735
156174 736
218435 737
58039 738
167043 739
92617 740
151066 741
60554 742
31766 743
100609 744
25418 745
43546 746
38726 747
59543 748
157837 749
33877 750
1752 751
166384 752
116285 753
160374 754
80124 755
135865 756
150066 757
158604 758
147890 759
61547 760
69571 761
159491 762
156134 763
204252 764
142893 765
140502 766
203963 767
64537 768
158610 769
162393 770
158101 771
36530 772
209460 773
22442 774
79247 775
160518 776
160406 777
70467 778
157380 779
164648 780
164649 781
164718 782
204171 783
157898 784
222802 785
156586 786
138111 787
163586 788
154412 789
157677 790
163511 791
218748 792
83290 793
46601 794
159812 795
160146 796
161442 797
25708 798
95530 799
7467 800
159283 801
46099 802
160452 803
162578 804
157377 805
222386 806
162184 807
160206 808
86111 809
159440 810
15138 811
63299 812
157564 813
161464 814
163159 815
164278 816
78958 817
157870 818
161172 819
72247 820
14436 821
9748 822
63314 823
62656 824
222428 825
163065 826
7442 827
163231 828
151877 829
157978 830
116433 831
157283 832
162613 833
159722 834
163158 835
158512 836
59199 837
68657 838
162794 839
65418 840
80072 841
159857 842
144475 843
126373 844
163009 845
139387 846
157515 847
162718 848
5636 849
159065 850
159274 851
160645 852
86863 853
147872 854
160455 855
95214 856
158115 857
56365 858
120458 859
62002 860
162459 861
151733 862
130243 863
89891 864
79021 865
211913 866
62866 867
144304 868
219561 869
163066 870
160765 871
219565 872
63998 873
158008 874
161077 875
142874 876
219302 877
3740 878
157267 879
156152 880
160381 881
158559 882
27548 883
218758 884
157737 885
218256 886
131480 887
174639 888
156227 889
157768 890
158153 891
158535 892
16630 893
220891 894
157953 895
150570 896
158095 897
95978 898
173056 899
157973 900
69314 901
158953 902
110341 903
159407 904
50256 905
126206 906
56366 907
14543 908
121714 909
159591 910
75675 911
157255 912
5937 913
137542 914
134074 915
35578 916
220083 917
160321 918
7851 919
156123 920
137803 921
108325 922
220029 923
95812 924
156244 925
162322 926
42551 927
38350 928
16120 929
90147 930
158230 931
35810 932
156107 933
218751 934
91631 935
138353 936
156209 937
156762 938
115333 939
160577 940
172269 941
37879 942
215989 943
114356 944
32503 945
158901 946
159062 947
158653 948
159233 949
159760 950
169620 951
173106 952
165000 953
159588 954
160604 955
130231 956
156139 957
159075 958
157345 959
83353 960
139405 961
159037 962
10226 963
75164 964
104019 965
49568 966
162490 967
161308 968
157972 969
221236 970
86096 971
55629 972
157809 973
115815 974
156072 975
221155 976
72793 977
161416 978
145351 979
160618 980
171280 981
162551 982
171117 983
157383 984
221329 985
162836 986
160126 987
50877 988
157295 989
218812 990
19956 991
150906 992
157760 993
62195 994
175585 995
79903 996
219972 997
219967 998
64234 999
59133 1000
36762 1001
161569 1002
148892 1003
11865 1004
218801 1005
159002 1006
158145 1007
137478 1008
218866 1009
157164 1010
170629 1011
96375 1012
40948 1013
217501 1014
220890 1015
100917 1016
220127 1017
97153 1018
96961 1019
157734 1020
158748 1021
176963 1022
86086 1023
219281 1024
156132 1025
218948 1026
166088 1027
25936 1028
62886 1029
162910 1030
159217 1031
164691 1032
165383 1033
162592 1034
158132 1035
162593 1036
162249 1037
160515 1038
85748 1039
45267 1040
162559 1041
126216 1042
57687 1043
45820 1044
21178 1045
163144 1046
106433 1047
215981 1048
13602 1049
91958 1050
156912 1051
102445 1052
110692 1053
219496 1054
162448 1055
167770 1056
157644 1057
156197 1058
82593 1059
6515 1060
159218 1061
156135 1062
157416 1063
90906 1064
157547 1065
157497 1066
162796 1067
214859 1068
206701 1069
112959 1070
160076 1071
218830 1072
159291 1073
159693 1074
31197 1075
162991 1076
162360 1077
161425 1078
165181 1079
163135 1080
159054 1081
96823 1082
15474 1083
87710 1084
158564 1085
166068 1086
156196 1087
15670 1088
218713 1089
86145 1090
164901 1091
172424 1092
120352 1093
159572 1094
90781 1095
157393 1096
156221 1097
157428 1098
218840 1099
220942 1100
66602 1101
144438 1102
91733 1103
159581 1104
163360 1105
87738 1106
219461 1107
110793 1108
218854 1109
158617 1110
217629 1111
32648 1112
156342 1113
61054 1114
59327 1115
60503 1116
163257 1117
4379 1118
123042 1119
165692 1120
169272 1121
159349 1122
163063 1123
38103 1124
157336 1125
159286 1126
36182 1127
129602 1128
76273 1129
154315 1130
7682 1131
84299 1132
37877 1133
139262 1134
143659 1135
86558 1136
105774 1137
216732 1138
75316 1139
63959 1140
216733 1141
171289 1142
59547 1143
39754 1144
170620 1145
63807 1146
171323 1147
170120 1148
169779 1149
42461 1150
116797 1151
25575 1152
204329 1153
213150 1154
74728 1155
116828 1156
156117 1157
146806 1158
73227 1159
38995 1160
162212 1161
11485 1162
141662 1163
70782 1164
157144 1165
65984 1166
23507 1167
92526 1168
169772 1169
150074 1170
18684 1171
213041 1172
74430 1173
154632 1174
63032 1175
80341 1176
41440 1177
100456 1178
52879 1179
86097 1180
61292 1181
158629 1182
164927 1183
103429 1184
81087 1185
203521 1186
211120 1187
38865 1188
41006 1189
37544 1190
17190 1191
134152 1192
97019 1193
39042 1194
14116 1195
16405 1196
119306 1197
21142 1198
75122 1199
5946 1200
72280 1201
144696 1202
77274 1203
53042 1204
18910 1205
108511 1206
169970 1207
102548 1208
9595 1209
6823 1210
202088 1211
91835 1212
73250 1213
48482 1214
216277 1215
23200 1216
161606 1217
42263 1218
147846 1219
62686 1220
66339 1221
121229 1222
60576 1223
43063 1224
63823 1225
123966 1226
91833 1227
103003 1228
219642 1229
60427 1230
143101 1231
135481 1232
82146 1233
155709 1234
218768 1235
170864 1236
135654 1237
147068 1238
159651 1239
83564 1240
96142 1241
119754 1242
169541 1243
87673 1244
109879 1245
134464 1246
147116 1247
112865 1248
70725 1249
149742 1250
63411 1251
27166 1252
37014 1253
150279 1254
29144 1255
125094 1256
66168 1257
9147 1258
217401 1259
31815 1260
59384 1261
219498 1262
216268 1263
63069 1264
79830 1265
219860 1266
170078 1267
44983 1268
30275 1269
1557 1270
68437 1271
73816 1272
62979 1273
64850 1274
33827 1275
104220 1276
127912 1277
220007 1278
161255 1279
172082 1280
84832 1281
118154 1282
61056 1283
149068 1284
47808 1285
126092 1286
202991 1287
80712 1288
105710 1289
7477 1290
130130 1291
162144 1292
73233 1293
111106 1294
163742 1295
148859 1296
169021 1297
21911 1298
82524 1299
87452 1300
93898 1301
153855 1302
23215 1303
26415 1304
55840 1305
116774 1306
110524 1307
13752 1308
164968 1309
58196 1310
131041 1311
2907 1312
8830 1313
158135 1314
152773 1315
115324 1316
129770 1317
163702 1318
23199 1319
155740 1320
159209 1321
161205 1322
79293 1323
144617 1324
156198 1325
75765 1326
135607 1327
65008 1328
219650 1329
165266 1330
99310 1331
109386 1332
106321 1333
75566 1334
145337 1335
69074 1336
135840 1337
55443 1338
110191 1339
140512 1340
18027 1341
32980 1342
88590 1343
166401 1344
40974 1345
9228 1346
69437 1347
150294 1348
51356 1349
166387 1350
43432 1351
108598 1352
143454 1353
71414 1354
44242 1355
91331 1356
108524 1357
91060 1358
164427 1359
166385 1360
149061 1361
38446 1362
48024 1363
149743 1364
218728 1365
218761 1366
60409 1367
150144 1368
84217 1369
68825 1370
38711 1371
217494 1372
82326 1373
157373 1374
137383 1375
167614 1376
83381 1377
136268 1378
130069 1379
132551 1380
159808 1381
21861 1382
21365 1383
126714 1384
110752 1385
39037 1386
32319 1387
53930 1388
31005 1389
170056 1390
144238 1391
104444 1392
24502 1393
1781 1394
4626 1395
142146 1396
31716 1397
37121 1398
40052 1399
160404 1400
113935 1401
42685 1402
53136 1403
203488 1404
51427 1405
3023 1406
48483 1407
50115 1408
50022 1409
144585 1410
62090 1411
39506 1412
164189 1413
11866 1414
9900 1415
151282 1416
6084 1417
156224 1418
400 1419
90022 1420
125484 1421
39597 1422
163153 1423
72993 1424
135495 1425
78163 1426
120263 1427
102167 1428
38024 1429
166280 1430
157232 1431
76368 1432
158956 1433
87156 1434
131026 1435
94242 1436
109423 1437
125550 1438
63657 1439
5704 1440
60410 1441
70057 1442
79938 1443
69125 1444
87567 1445
25413 1446
212365 1447
170017 1448
155544 1449
38395 1450
66051 1451
218692 1452
36825 1453
132047 1454
131040 1455
139407 1456
156087 1457
19970 1458
21355 1459
127269 1460
200144 1461
71129 1462
149726 1463
159017 1464
30951 1465
159894 1466
37031 1467
202954 1468
108661 1469
32819 1470
100722 1471
145105 1472
220133 1473
116821 1474
110754 1475
89128 1476
220345 1477
101010 1478
99723 1479
85256 1480
204650 1481
110583 1482
74274 1483
158643 1484
59896 1485
162798 1486
221238 1487
145625 1488
161547 1489
84570 1490
72778 1491
7480 1492
22761 1493
201830 1494
62028 1495
164743 1496
49227 1497
92719 1498
53520 1499
56446 1500
76933 1501
166143 1502
127173 1503
121588 1504
135449 1505
7773 1506
217142 1507
156984 1508
31054 1509
79169 1510
79101 1511
125908 1512
30985 1513
59923 1514
90315 1515
115190 1516
28887 1517
103495 1518
38883 1519
53064 1520
157904 1521
96939 1522
137625 1523
25838 1524
157774 1525
154076 1526
146095 1527
214309 1528
60003 1529
126382 1530
96401 1531
92851 1532
153122 1533
139041 1534
149174 1535
85190 1536
112249 1537
70626 1538
44077 1539
53539 1540
37878 1541
2016 1542
91864 1543
138345 1544
95289 1545
100574 1546
95393 1547
89997 1548
116280 1549
89209 1550
135577 1551
153918 1552
83397 1553
170114 1554
149672 1555
42129 1556
83389 1557
121821 1558
59220 1559
38314 1560
166283 1561
39392 1562
149112 1563
74158 1564
14694 1565
5541 1566
20511 1567
40063 1568
63679 1569
168579 1570
92737 1571
52900 1572
25207 1573
38316 1574
213758 1575
73699 1576
213756 1577
119534 1578
220521 1579
153118 1580
56529 1581
29434 1582
137952 1583
166382 1584
15720 1585
92794 1586
61193 1587
100613 1588
105325 1589
55697 1590
92800 1591
25557 1592
7571 1593
158608 1594
87462 1595
154529 1596
20433 1597
168786 1598
166381 1599
170015 1600
168534 1601
213048 1602
73645 1603
220537 1604
157970 1605
170034 1606
50599 1607
58038 1608
130260 1609
100278 1610
88472 1611
11281 1612
29024 1613
220544 1614
121756 1615
64403 1616
121755 1617
75206 1618
154531 1619
11172 1620
213304 1621
219199 1622
220548 1623
72933 1624
128848 1625
102820 1626
164926 1627
164582 1628
54994 1629
154283 1630
21801 1631
11658 1632
46229 1633
83382 1634
113917 1635
204200 1636
41703 1637
54469 1638
163019 1639
48733 1640
40933 1641
143778 1642
83176 1643
102942 1644
171307 1645
141550 1646
143100 1647
105163 1648
114323 1649
161535 1650
79934 1651
217508 1652
141514 1653
91405 1654
60078 1655
57582 1656
145628 1657
46696 1658
142152 1659
142153 1660
160414 1661
175871 1662
112930 1663
105273 1664
151359 1665
49570 1666
163518 1667
167215 1668
161313 1669
219448 1670
17478 1671
120998 1672
28286 1673
46179 1674
83803 1675
143865 1676
149730 1677
86829 1678
115509 1679
157459 1680
18413 1681
23524 1682
158315 1683
170168 1684
219204 1685
17378 1686
76430 1687
32594 1688
57522 1689
96854 1690
62642 1691
171336 1692
134413 1693
203023 1694
70684 1695
218704 1696
66831 1697
42443 1698
219529 1699
130107 1700
113785 1701
219345 1702
139959 1703
153115 1704
56523 1705
48351 1706
105191 1707
145681 1708
119173 1709
55936 1710
168086 1711
57927 1712
85283 1713
55234 1714
85282 1715
132281 1716
46614 1717
82069 1718
160416 1719
64536 1720
162912 1721
151311 1722
166388 1723
96675 1724
85426 1725
84415 1726
140450 1727
59137 1728
103095 1729
141172 1730
170014 1731
163524 1732
166326 1733
65018 1734
64652 1735
131358 1736
160927 1737
57712 1738
57715 1739
158332 1740
70209 1741
156118 1742
113364 1743
13077 1744
220553 1745
202768 1746
7460 1747
74002 1748
87596 1749
88582 1750
166517 1751
9736 1752
141485 1753
168179 1754
125259 1755
64888 1756
109398 1757
89468 1758
161117 1759
149177 1760
155610 1761
159078 1762
114226 1763
90399 1764
150068 1765
216454 1766
42645 1767
96422 1768
136447 1769
143984 1770
106781 1771
74375 1772
76426 1773
57532 1774
78027 1775
92345 1776
6265 1777
85437 1778
166173 1779
166269 1780
218698 1781
57717 1782
82701 1783
58728 1784
93531 1785
84024 1786
123649 1787
171272 1788
159922 1789
143801 1790
203383 1791
71169 1792
77988 1793
157877 1794
93122 1795
150040 1796
67891 1797
64226 1798
72860 1799
161310 1800
6278 1801
109715 1802
93738 1803
129336 1804
96158 1805
75287 1806
66396 1807
49034 1808
149087 1809
220586 1810
219250 1811
11934 1812
175601 1813
103136 1814
522 1815
159845 1816
157149 1817
29707 1818
167156 1819
2744 1820
33840 1821
51424 1822
6006 1823
71462 1824
5350 1825
15254 1826
48233 1827
176480 1828
33528 1829
45730 1830
53321 1831
47461 1832
164662 1833
97075 1834
158669 1835
97077 1836
153203 1837
157215 1838
220597 1839
63369 1840
128797 1841
145704 1842
157257 1843
49571 1844
20983 1845
9902 1846
62624 1847
220590 1848
45359 1849
151278 1850
109021 1851
142998 1852
144597 1853
156987 1854
154308 1855
17663 1856
91218 1857
18608 1858
18606 1859
220600 1860
53559 1861
84297 1862
87292 1863
122993 1864
129364 1865
156526 1866
43018 1867
43916 1868
11955 1869
8226 1870
9849 1871
139779 1872
134662 1873
161166 1874
22108 1875
8677 1876
9954 1877
85108 1878
135459 1879
38428 1880
96256 1881
162169 1882
26 1883
212350 1884
91589 1885
17379 1886
56405 1887
106610 1888
72079 1889
76781 1890
48450 1891
155771 1892
1340 1893
159554 1894
38969 1895
77036 1896
209106 1897
10710 1898
220606 1899
212002 1900
42661 1901
109387 1902
58462 1903
70473 1904
101192 1905
6524 1906
120428 1907
42337 1908
143826 1909
31884 1910
143092 1911
38436 1912
25001 1913
19138 1914
150216 1915
124105 1916
102466 1917
38433 1918
107095 1919
112171 1920
38896 1921
33493 1922
218781 1923
68966 1924
149085 1925
100499 1926
100573 1927
75286 1928
111514 1929
164497 1930
147283 1931
113481 1932
18609 1933
142878 1934
75467 1935
21756 1936
218819 1937
105129 1938
42308 1939
145712 1940
220619 1941
116750 1942
140724 1943
73819 1944
79022 1945
161099 1946
121802 1947
52481 1948
73160 1949
220650 1950
116305 1951
139340 1952
66849 1953
49804 1954
220661 1955
137357 1956
137962 1957
157291 1958
99228 1959
99232 1960
17082 1961
206230 1962
160242 1963
164917 1964
61638 1965
89461 1966
122659 1967
130229 1968
17350 1969
150094 1970
62113 1971
158454 1972
9135 1973
162367 1974
110188 1975
142561 1976
158941 1977
22039 1978
58189 1979
139520 1980
121795 1981
149173 1982
64966 1983
151309 1984
10737 1985
167152 1986
160264 1987
21837 1988
39682 1989
128870 1990
148950 1991
29336 1992
149168 1993
144735 1994
148952 1995
92499 1996
94436 1997
90436 1998
45827 1999
160322 2000
47149 2001
132984 2002
31586 2003
59479 2004
59863 2005
101661 2006
76319 2007
91672 2008
219322 2009
1802 2010
4406 2011
164451 2012
218975 2013
62259 2014
220732 2015
95922 2016
110194 2017
119881 2018
116352 2019
54436 2020
11097 2021
102857 2022
175490 2023
143372 2024
156173 2025
72070 2026
144354 2027
72248 2028
45251 2029
160489 2030
157678 2031
8720 2032
64961 2033
165053 2034
87583 2035
171474 2036
56352 2037
158283 2038
75767 2039
61036 2040
21404 2041
68870 2042
67745 2043
127958 2044
41896 2045
160057 2046
90123 2047
168548 2048
40995 2049
38368 2050
60571 2051
67725 2052
11532 2053
154911 2054
131033 2055
12974 2056
6392 2057
12882 2058
114355 2059
124903 2060
38365 2061
11671 2062
83015 2063
154122 2064
49496 2065
38974 2066
168221 2067
45935 2068
64367 2069
65475 2070
69936 2071
160320 2072
68781 2073
38019 2074
69465 2075
9713 2076
21308 2077
98401 2078
34904 2079
23415 2080
125520 2081
95394 2082
116852 2083
31990 2084
165641 2085
63924 2086
166116 2087
157805 2088
130207 2089
6484 2090
38286 2091
73074 2092
20040 2093
159836 2094
84069 2095
123431 2096
158655 2097
157951 2098
158394 2099
201703 2100
72876 2101
168793 2102
38098 2103
35118 2104
169839 2105
154292 2106
170935 2107
67138 2108
61127 2109
3086 2110
139489 2111
144248 2112
74014 2113
114287 2114
219192 2115
161504 2116
163503 2117
102480 2118
67337 2119
78223 2120
204287 2121
53828 2122
54183 2123
45469 2124
131057 2125
91383 2126
163351 2127
14885 2128
26752 2129
152038 2130
152020 2131
152151 2132
163010 2133
11289 2134
76575 2135
116367 2136
27704 2137
32245 2138
209375 2139
159776 2140
79775 2141
219153 2142
154368 2143
20661 2144
175039 2145
110100 2146
33597 2147
3063 2148
72847 2149
58956 2150
45890 2151
173489 2152
29677 2153
123968 2154
198837 2155
32874 2156
144623 2157
219722 2158
17637 2159
107254 2160
219471 2161
87591 2162
154653 2163
45415 2164
155735 2165
47721 2166
167087 2167
89764 2168
91044 2169
53322 2170
33685 2171
164632 2172
42165 2173
40019 2174
48288 2175
89644 2176
121907 2177
111733 2178
36237 2179
104107 2180
27316 2181
27380 2182
31578 2183
159740 2184
219596 2185
110541 2186
109051 2187
32592 2188
59200 2189
108976 2190
84789 2191
65294 2192
151277 2193
143398 2194
111244 2195
73818 2196
161732 2197
66536 2198
154199 2199
160165 2200
131067 2201
145371 2202
71383 2203
73494 2204
142595 2205
115432 2206
211033 2207
33489 2208
46827 2209
106719 2210
13296 2211
1836 2212
100483 2213
125370 2214
36010 2215
218885 2216
69532 2217
61517 2218
25951 2219
116840 2220
43076 2221
56229 2222
40975 2223
99235 2224
115045 2225
27547 2226
121811 2227
5354 2228
11330 2229
74260 2230
164756 2231
38326 2232
69929 2233
219880 2234
9227 2235
127205 2236
121245 2237
218828 2238
78193 2239
218691 2240
205415 2241
89758 2242
148911 2243
487 2244
62882 2245
93124 2246
69540 2247
32227 2248
219735 2249
202395 2250
7446 2251
58522 2252
29025 2253
221425 2254
159946 2255
25015 2256
130075 2257
75263 2258
169385 2259
46554 2260
15494 2261
12621 2262
64849 2263
96643 2264
40091 2265
167037 2266
158486 2267
213847 2268
85959 2269
164213 2270
171957 2271
156183 2272
39019 2273
218741 2274
41930 2275
115768 2276
30611 2277
8973 2278
156979 2279
38204 2280
214751 2281
62821 2282
18286 2283
73305 2284
15726 2285
171292 2286
169613 2287
164684 2288
157408 2289
158895 2290
45373 2291
71825 2292
121806 2293
153989 2294
83299 2295
171225 2296
25548 2297
36357 2298
159962 2299
163124 2300
30580 2301
144586 2302
23339 2303
144267 2304
220843 2305
220653 2306
67084 2307
17057 2308
78625 2309
165264 2310
7704 2311
159885 2312
171455 2313
76427 2314
219340 2315
84215 2316
86041 2317
220723 2318
29573 2319
36140 2320
21185 2321
219511 2322
64889 2323
46937 2324
162179 2325
120103 2326
94467 2327
161181 2328
46559 2329
17392 2330
152268 2331
9712 2332
115196 2333
49438 2334
72098 2335
105801 2336
71963 2337
125448 2338
106302 2339
11139 2340
42370 2341
8475 2342
61212 2343
217483 2344
221173 2345
73226 2346
219481 2347
79910 2348
149602 2349
74765 2350
91970 2351
111722 2352
16859 2353
61390 2354
145598 2355
146411 2356
58994 2357
151062 2358
104125 2359
12883 2360
40009 2361
147038 2362
23311 2363
147329 2364
95119 2365
29466 2366
19764 2367
162231 2368
203553 2369
17477 2370
89153 2371
54044 2372
146512 2373
73168 2374
218757 2375
162487 2376
221150 2377
165409 2378
39213 2379
145705 2380
75560 2381
25735 2382
165150 2383
169227 2384
32072 2385
9718 2386
158529 2387
88769 2388
157674 2389
219291 2390
114228 2391
20217 2392
24793 2393
115903 2394
61000 2395
5065 2396
65296 2397
110182 2398
35895 2399
91751 2400
113707 2401
30967 2402
28342 2403
158124 2404
126235 2405
79965 2406
42979 2407
116387 2408
4026 2409
31842 2410
220935 2411
79902 2412
6002 2413
59225 2414
4025 2415
219676 2416
147087 2417
32721 2418
63645 2419
96583 2420
6347 2421
74269 2422
38056 2423
126045 2424
4804 2425
125242 2426
86542 2427
134112 2428
71776 2429
14006 2430
20729 2431
98162 2432
5396 2433
7991 2434
216587 2435
159462 2436
128527 2437
53049 2438
58114 2439
115288 2440
123000 2441
125386 2442
7472 2443
29185 2444
17277 2445
6022 2446
154259 2447
94692 2448
73369 2449
140361 2450
101721 2451
55630 2452
84458 2453
132359 2454
22543 2455
124 2456
132888 2457
54796 2458
83098 2459
127547 2460
62168 2461
97483 2462
173530 2463
44806 2464
153167 2465
90829 2466
25374 2467
134781 2468
216303 2469
63363 2470
32958 2471
58958 2472
222787 2473
121707 2474
96528 2475
62977 2476
154372 2477
158340 2478
157647 2479
169679 2480
159508 2481
50799 2482
220755 2483
72184 2484
113095 2485
20889 2486
37429 2487
101809 2488
10303 2489
6528 2490
170263 2491
130008 2492
60158 2493
135712 2494
171294 2495
87728 2496
53065 2497
97485 2498
98109 2499
119297 2500
76860 2501
76861 2502
26423 2503
222025 2504
55361 2505
139476 2506
35291 2507
26022 2508
117117 2509
136454 2510
53008 2511
118740 2512
158521 2513
63662 2514
74919 2515
24501 2516
80344 2517
222504 2518
170555 2519
54888 2520
169972 2521
135871 2522
160160 2523
113356 2524
92789 2525
222197 2526
169241 2527
98895 2528
53665 2529
60696 2530
219143 2531
49474 2532
16581 2533
164309 2534
135748 2535
169833 2536
202758 2537
43088 2538
163580 2539
96597 2540
31356 2541
27802 2542
41383 2543
125402 2544
32512 2545
39946 2546
159618 2547
43449 2548
211000 2549
29232 2550
222550 2551
29235 2552
6231 2553
72117 2554
142867 2555
158212 2556
132595 2557
91419 2558
20585 2559
1243 2560
166433 2561
6461 2562
219968 2563
143396 2564
44440 2565
40176 2566
140798 2567
120452 2568
219965 2569
159401 2570
100546 2571
159093 2572
161427 2573
4073 2574
81108 2575
153974 2576
164729 2577
62158 2578
53076 2579
2708 2580
98257 2581
95220 2582
76992 2583
64070 2584
64078 2585
76638 2586
160538 2587
78364 2588
38265 2589
4545 2590
154837 2591
122976 2592
47128 2593
113063 2594
140357 2595
144549 2596
12748 2597
79767 2598
23616 2599
73156 2600
166224 2601
120381 2602
120376 2603
127970 2604
14374 2605
18179 2606
209495 2607
62939 2608
156497 2609
75210 2610
116088 2611
11513 2612
74860 2613
82310 2614
63020 2615
62932 2616
155120 2617
46984 2618
11414 2619
100605 2620
156995 2621
46743 2622
110813 2623
127776 2624
49153 2625
11816 2626
63853 2627
116832 2628
64250 2629
76717 2630
164358 2631
63358 2632
144568 2633
33754 2634
63112 2635
123947 2636
100637 2637
67452 2638
159957 2639
146784 2640
16494 2641
17101 2642
18319 2643
18377 2644
30088 2645
159353 2646
134289 2647
158373 2648
220939 2649
74300 2650
74910 2651
153187 2652
176499 2653
157337 2654
5900 2655
94974 2656
61676 2657
164247 2658
21047 2659
59851 2660
48323 2661
33560 2662
158043 2663
20431 2664
119479 2665
121805 2666
120977 2667
154021 2668
158960 2669
221348 2670
41963 2671
18287 2672
105472 2673
10281 2674
131025 2675
36369 2676
47129 2677
109442 2678
144550 2679
102227 2680
163625 2681
159215 2682
156194 2683
162350 2684
221627 2685
62096 2686
123019 2687
159210 2688
120440 2689
31849 2690
50713 2691
9908 2692
213174 2693
9039 2694
36535 2695
36108 2696
22443 2697
141577 2698
214698 2699
39955 2700
10664 2701
138211 2702
68119 2703
68120 2704
40930 2705
70493 2706
39557 2707
75651 2708
216031 2709
55570 2710
32645 2711
92668 2712
135559 2713
164585 2714
11881 2715
137099 2716
31975 2717
32763 2718
6666 2719
444 2720
11509 2721
221190 2722
160636 2723
28563 2724
9398 2725
95134 2726
36844 2727
90814 2728
101849 2729
222806 2730
206702 2731
105151 2732
171304 2733
21395 2734
108714 2735
74330 2736
222807 2737
96973 2738
36151 2739
54285 2740
54287 2741
93275 2742
27173 2743
222215 2744
40190 2745
33838 2746
156229 2747
135574 2748
24610 2749
157496 2750
12436 2751
7193 2752
96104 2753
63340 2754
160352 2755
95924 2756
162030 2757
73228 2758
94501 2759
162555 2760
222385 2761
54679 2762
93053 2763
100937 2764
37492 2765
58997 2766
221171 2767
21367 2768
43251 2769
163091 2770
40148 2771
36114 2772
96154 2773
93038 2774
11037 2775
159053 2776
18652 2777
18241 2778
95928 2779
222407 2780
33376 2781
88767 2782
6544 2783
20513 2784
72990 2785
89383 2786
109360 2787
145959 2788
54797 2789
5907 2790
62115 2791
121804 2792
121803 2793
222409 2794
218742 2795
162460 2796
38775 2797
202659 2798
33717 2799
163310 2800
165007 2801
38926 2802
52168 2803
147801 2804
63758 2805
7166 2806
26038 2807
37215 2808
152149 2809
6554 2810
54173 2811
138671 2812
3899 2813
115316 2814
44486 2815
58891 2816
148966 2817
87554 2818
157320 2819
21426 2820
37954 2821
218714 2822
159714 2823
170958 2824
144504 2825
68963 2826
47653 2827
80122 2828
34303 2829
135379 2830
112445 2831
17805 2832
39882 2833
162316 2834
28918 2835
145501 2836
87304 2837
25660 2838
152889 2839
40221 2840
140900 2841
211906 2842
90807 2843
84428 2844
3448 2845
56561 2846
120833 2847
222353 2848
6579 2849
101805 2850
87301 2851
161094 2852
86083 2853
47666 2854
139378 2855
87716 2856
139244 2857
31006 2858
116420 2859
75264 2860
116643 2861
222791 2862
26212 2863
220876 2864
32805 2865
19927 2866
158980 2867
150166 2868
96131 2869
164488 2870
126374 2871
125907 2872
161275 2873
1523 2874
70380 2875
31035 2876
87741 2877
32398 2878
56600 2879
27582 2880
138372 2881
220769 2882
222356 2883
60966 2884
31635 2885
1260 2886
28839 2887
29079 2888
165676 2889
90809 2890
222355 2891
53525 2892
221332 2893
9479 2894
105735 2895
154366 2896
166078 2897
218969 2898
157605 2899
8431 2900
6661 2901
90699 2902
164432 2903
55299 2904
158317 2905
54381 2906
161292 2907
126712 2908
6087 2909
158909 2910
13712 2911
57548 2912
158352 2913
150939 2914
127190 2915
131566 2916
93885 2917
14466 2918
60777 2919
127871 2920
146568 2921
160506 2922
222357 2923
49000 2924
35482 2925
95277 2926
79673 2927
60553 2928
222358 2929
167539 2930
20372 2931
144433 2932
116636 2933
144700 2934
136407 2935
146535 2936
166835 2937
219547 2938
142120 2939
129908 2940
138658 2941
157720 2942
78842 2943
71272 2944
88456 2945
130249 2946
127874 2947
12950 2948
39712 2949
48234 2950
53831 2951
62001 2952
151734 2953
60387 2954
116441 2955
75313 2956
108457 2957
159196 2958
146581 2959
89163 2960
161092 2961
105740 2962
137178 2963
158914 2964
218928 2965
43922 2966
64795 2967
48140 2968
161149 2969
90277 2970
64777 2971
156170 2972
144596 2973
219609 2974
21514 2975
50281 2976
69459 2977
96127 2978
4755 2979
45018 2980
53782 2981
102352 2982
62315 2983
138158 2984
213712 2985
98909 2986
166037 2987
161644 2988
28278 2989
19861 2990
71357 2991
29361 2992
116626 2993
220132 2994
106814 2995
145352 2996
145731 2997
139896 2998
3598 2999
121081 3000
142175 3001
110358 3002
96954 3003
6059 3004
65556 3005
100861 3006
43607 3007
165441 3008
102527 3009
20860 3010
158548 3011
149978 3012
124815 3013
28559 3014
128135 3015
164689 3016
221023 3017
17432 3018
151054 3019
64185 3020
9186 3021
87958 3022
146649 3023
22409 3024
142745 3025
113436 3026
75759 3027
59603 3028
62480 3029
160935 3030
23432 3031
171305 3032
198591 3033
141525 3034
157524 3035
33334 3036
28570 3037
159535 3038
54157 3039
46558 3040
50732 3041
43867 3042
154165 3043
115274 3044
87587 3045
218720 3046
28827 3047
146881 3048
219255 3049
219254 3050
51593 3051
6140 3052
90068 3053
84600 3054
101164 3055
163641 3056
69061 3057
130129 3058
21207 3059
6271 3060
67631 3061
157849 3062
20216 3063
92667 3064
86257 3065
69031 3066
46365 3067
160001 3068
219014 3069
64048 3070
127781 3071
110689 3072
64059 3073
220888 3074
38624 3075
86388 3076
36127 3077
15508 3078
83479 3079
154260 3080
112096 3081
220091 3082
60390 3083
17078 3084
160932 3085
31885 3086
154232 3087
145433 3088
169486 3089
161361 3090
22243 3091
104040 3092
114403 3093
159080 3094
48486 3095
20259 3096
9582 3097
51245 3098
126317 3099
4041 3100
154724 3101
36099 3102
47912 3103
139050 3104
219957 3105
158830 3106
92591 3107
102713 3108
166115 3109
54512 3110
101407 3111
14636 3112
164793 3113
12132 3114
35784 3115
213757 3116
34835 3117
16348 3118
220082 3119
35440 3120
220084 3121
35374 3122
130656 3123
23494 3124
121491 3125
63216 3126
19055 3127
162481 3128
32649 3129
63700 3130
118155 3131
61818 3132
7312 3133
220101 3134
7629 3135
20907 3136
166808 3137
160537 3138
92968 3139
19210 3140
158951 3141
7850 3142
56992 3143
37151 3144
153170 3145
221126 3146
151789 3147
93191 3148
127792 3149
39822 3150
115004 3151
31004 3152
79628 3153
126116 3154
83303 3155
20533 3156
46187 3157
37940 3158
116329 3159
83781 3160
218941 3161
56447 3162
108002 3163
106745 3164
88935 3165
151880 3166
25696 3167
74182 3168
119779 3169
138764 3170
219929 3171
23661 3172
23595 3173
159442 3174
99712 3175
142841 3176
61484 3177
54498 3178
85229 3179
55788 3180
161596 3181
78956 3182
151832 3183
26133 3184
217481 3185
140377 3186
113531 3187
219261 3188
219472 3189
2957 3190
216442 3191
37578 3192
53531 3193
216379 3194
38392 3195
10474 3196
131587 3197
27749 3198
160258 3199
87152 3200
164912 3201
156516 3202
163294 3203
159712 3204
16129 3205
58355 3206
155444 3207
126314 3208
76433 3209
111114 3210
86160 3211
164893 3212
36947 3213
68267 3214
63914 3215
120451 3216
141480 3217
17342 3218
120453 3219
94465 3220
160051 3221
103888 3222
51697 3223
127171 3224
66774 3225
20828 3226
47119 3227
9417 3228
51319 3229
44512 3230
201839 3231
145820 3232
218836 3233
25860 3234
136480 3235
63982 3236
3188 3237
24992 3238
135398 3239
40249 3240
50128 3241
3326 3242
76769 3243
166591 3244
58415 3245
39141 3246
167498 3247
139253 3248
51708 3249
35981 3250
24149 3251
75677 3252
219290 3253
115781 3254
108715 3255
64776 3256
171046 3257
38324 3258
87979 3259
31528 3260
128919 3261
38884 3262
84436 3263
170838 3264
29387 3265
125152 3266
123645 3267
23198 3268
157407 3269
153920 3270
86013 3271
216275 3272
96433 3273
219982 3274
169291 3275
109092 3276
170994 3277
74142 3278
144060 3279
31217 3280
157192 3281
137707 3282
27452 3283
11352 3284
127151 3285
83359 3286
68794 3287
126716 3288
138989 3289
162167 3290
129725 3291
29346 3292
131365 3293
88392 3294
132547 3295
145735 3296
219585 3297
64004 3298
121142 3299
218787 3300
105713 3301
32860 3302
113780 3303
42371 3304
51336 3305
75658 3306
77995 3307
164188 3308
91074 3309
161334 3310
165196 3311
116273 3312
204066 3313
35836 3314
214403 3315
78185 3316
220013 3317
74108 3318
109374 3319
158882 3320
63773 3321
145419 3322
14008 3323
47614 3324
123647 3325
32959 3326
12117 3327
12156 3328
6036 3329
47274 3330
220503 3331
154363 3332
34970 3333
31229 3334
12409 3335
139530 3336
74302 3337
66527 3338
57679 3339
24574 3340
148963 3341
132482 3342
219958 3343
137471 3344
145409 3345
156084 3346
56354 3347
2538 3348
219919 3349
156238 3350
85923 3351
135043 3352
82409 3353
219920 3354
56465 3355
161423 3356
59280 3357
106582 3358
75360 3359
24419 3360
67855 3361
161481 3362
6539 3363
122672 3364
50421 3365
151032 3366
31012 3367
214882 3368
43506 3369
146911 3370
158128 3371
132360 3372
32730 3373
8040 3374
22083 3375
45811 3376
66346 3377
219878 3378
12396 3379
36147 3380
99099 3381
156955 3382
96236 3383
140382 3384
9632 3385
151759 3386
221237 3387
164962 3388
63832 3389
155813 3390
162057 3391
59118 3392
219966 3393
97325 3394
14431 3395
32644 3396
208266 3397
109328 3398
111101 3399
218853 3400
90445 3401
221287 3402
56913 3403
56064 3404
105816 3405
112912 3406
8345 3407
165174 3408
50284 3409
79086 3410
30862 3411
28074 3412
137886 3413
82328 3414
219638 3415
83182 3416
172648 3417
144001 3418
146438 3419
86146 3420
218900 3421
85232 3422
4415 3423
66528 3424
169393 3425
19018 3426
18342 3427
139463 3428
38919 3429
218695 3430
112500 3431
114773 3432
62084 3433
151722 3434
31765 3435
134113 3436
219594 3437
88411 3438
125384 3439
219964 3440
68717 3441
93767 3442
85802 3443
53887 3444
37428 3445
141551 3446
106461 3447
10286 3448
74683 3449
144727 3450
161414 3451
166176 3452
61576 3453
61002 3454
37956 3455
157770 3456
151345 3457
41332 3458
54072 3459
125750 3460
218732 3461
139702 3462
121153 3463
146459 3464
43091 3465
155730 3466
155942 3467
121398 3468
81669 3469
151551 3470
144546 3471
121358 3472
22168 3473
85606 3474
221239 3475
86011 3476
29146 3477
123949 3478
84597 3479
82302 3480
149934 3481
529 3482
35651 3483
220046 3484
221484 3485
37436 3486
157864 3487
100541 3488
53523 3489
83332 3490
63819 3491
142743 3492
120936 3493
144397 3494
49119 3495
131300 3496
221188 3497
71778 3498
84495 3499
165590 3500
112172 3501
116625 3502
158707 3503
80097 3504
48908 3505
102233 3506
204647 3507
10036 3508
60164 3509
47140 3510
158014 3511
150817 3512
157236 3513
94226 3514
167010 3515
35023 3516
132498 3517
144566 3518
55018 3519
59782 3520
89837 3521
164494 3522
89174 3523
131110 3524
9366 3525
35673 3526
76075 3527
3907 3528
63981 3529
163631 3530
61805 3531
12966 3532
139475 3533
24343 3534
53077 3535
2220 3536
134285 3537
16236 3538
158636 3539
90188 3540
135530 3541
8934 3542
99214 3543
90696 3544
167592 3545
32676 3546
144941 3547
83169 3548
125431 3549
110723 3550
163141 3551
15446 3552
129436 3553
91609 3554
64947 3555
6989 3556
82064 3557
93423 3558
42594 3559
163167 3560
28073 3561
64702 3562
207355 3563
149008 3564
32855 3565
126217 3566
148382 3567
24503 3568
158878 3569
94767 3570
20418 3571
69440 3572
23312 3573
155642 3574
7775 3575
161718 3576
57237 3577
87137 3578
164274 3579
63764 3580
127525 3581
46225 3582
54979 3583
31813 3584
20046 3585
217440 3586
61752 3587
216363 3588
82305 3589
59437 3590
51428 3591
219768 3592
41464 3593
53805 3594
164762 3595
125510 3596
20495 3597
57430 3598
121938 3599
76263 3600
88679 3601
163579 3602
222199 3603
154943 3604
219034 3605
14417 3606
1554 3607
162821 3608
103563 3609
154026 3610
128770 3611
92384 3612
19957 3613
218785 3614
108189 3615
68893 3616
81283 3617
127170 3618
67741 3619
202301 3620
127946 3621
165413 3622
104054 3623
15493 3624
60375 3625
99233 3626
38413 3627
145547 3628
160016 3629
56299 3630
53978 3631
153605 3632
12155 3633
31169 3634
215784 3635
137627 3636
46526 3637
10689 3638
144299 3639
161787 3640
99288 3641
207723 3642
42357 3643
4658 3644
83347 3645
105296 3646
115831 3647
157633 3648
120239 3649
53032 3650
160366 3651
89092 3652
99526 3653
18669 3654
82541 3655
38055 3656
69149 3657
38758 3658
219342 3659
84604 3660
72897 3661
199155 3662
134465 3663
28902 3664
218734 3665
134899 3666
138481 3667
163038 3668
73256 3669
23565 3670
73505 3671
69329 3672
18683 3673
132406 3674
109201 3675
156116 3676
219914 3677
163559 3678
55324 3679
62205 3680
219915 3681
39002 3682
60385 3683
6053 3684
163607 3685
159762 3686
159873 3687
114333 3688
219163 3689
219311 3690
27998 3691
119752 3692
5702 3693
93024 3694
39711 3695
134711 3696
81320 3697
78721 3698
62736 3699
66792 3700
33635 3701
63630 3702
93944 3703
125909 3704
38212 3705
104556 3706
63115 3707
461 3708
65205 3709
95173 3710
38875 3711
155467 3712
14765 3713
63945 3714
68470 3715
86844 3716
69233 3717
28931 3718
134134 3719
140982 3720
121789 3721
79982 3722
121812 3723
75190 3724
12938 3725
61956 3726
215107 3727
44830 3728
221163 3729
67766 3730
120968 3731
82873 3732
114597 3733
199469 3734
88547 3735
144240 3736
28988 3737
60575 3738
1736 3739
126370 3740
159805 3741
146666 3742
69038 3743
218884 3744
218936 3745
20810 3746
84368 3747
18722 3748
125208 3749
43000 3750
64866 3751
165167 3752
24731 3753
64859 3754
162645 3755
105483 3756
132552 3757
130360 3758
86273 3759
109471 3760
57146 3761
153972 3762
121667 3763
202108 3764
17827 3765
164866 3766
155427 3767
142902 3768
160029 3769
145649 3770
19874 3771
176263 3772
97453 3773
36919 3774
215481 3775
90604 3776
62973 3777
104440 3778
215926 3779
69317 3780
7654 3781
51113 3782
160038 3783
72182 3784
1297 3785
120347 3786
166286 3787
46979 3788
96734 3789
4067 3790
144642 3791
56303 3792
92862 3793
158420 3794
88909 3795
134439 3796
138685 3797
4157 3798
146419 3799
91308 3800
96439 3801
94243 3802
44339 3803
123036 3804
168459 3805
39523 3806
7393 3807
67216 3808
57934 3809
57055 3810
26098 3811
76377 3812
67896 3813
62662 3814
59769 3815
15750 3816
221289 3817
85625 3818
214969 3819
159983 3820
88014 3821
219649 3822
211514 3823
127955 3824
127662 3825
32302 3826
52282 3827
218929 3828
10121 3829
221127 3830
131506 3831
22229 3832
14658 3833
105161 3834
8295 3835
20335 3836
220495 3837
95900 3838
29636 3839
132826 3840
110798 3841
57601 3842
123120 3843
220512 3844
31396 3845
84665 3846
8275 3847
160329 3848
59197 3849
